       A    C    D    E    F    G    H    I    K    L    M    N    P    Q    R    S    T    V    W    Y
A      7   -1   -1   -1   -1   -1   -1   -1   -1   -1   -1   -1   -1    0    0    0    0    0    0    0
C     -1    7  -10    2  -10    2  -10    2  -10    2  -10    2  -10    0    0    0    0    0    0    0
D     -1  -10    7  -10    2  -10    2  -10    2  -10    2  -10    2    0    0    0    0    0    0    0
E     -1    2  -10    7  -10    2  -10    2  -10    2  -10    2  -10    0    0    0    0    0    0    0
F     -1  -10    2  -10    7  -10    2  -10    2  -10    2  -10    2    0    0    0    0    0    0    0
G     -1    2  -10    2  -10    7  -10    2  -10    2  -10    2  -10    0    0    0    0    0    0    0
H     -1  -10    2  -10    2  -10    7  -10    2  -10    2  -10    2    0    0    0    0    0    0    0
I     -1    2  -10    2  -10    2  -10    7  -10    2  -10    2  -10    0    0    0    0    0    0    0
K     -1  -10    2  -10    2  -10    2  -10    7  -10    2  -10    2    0    0    0    0    0    0    0
L     -1    2  -10    2  -10    2  -10    2  -10    7  -10    2  -10    0    0    0    0    0    0    0
M     -1  -10    2  -10    2  -10    2  -10    2  -10    7  -10    2    0    0    0    0    0    0    0
N     -1    2  -10    2  -10    2  -10    2  -10    2  -10    7  -10    0    0    0    0    0    0    0
P     -1  -10    2  -10    2  -10    2  -10    2  -10    2  -10    7    0    0    0    0    0    0    0
Q      0    0    0    0    0    0    0    0    0    0    0    0    0    0    0    0    0    0    0    0
R      0    0    0    0    0    0    0    0    0    0    0    0    0    0    0    0    0    0    0    0
S      0    0    0    0    0    0    0    0    0    0    0    0    0    0    0    0    0    0    0    0
T      0    0    0    0    0    0    0    0    0    0    0    0    0    0    0    0    0    0    0    0
V      0    0    0    0    0    0    0    0    0    0    0    0    0    0    0    0    0    0    0    0
W      0    0    0    0    0    0    0    0    0    0    0    0    0    0    0    0    0    0    0    0
Y      0    0    0    0    0    0    0    0    0    0    0    0    0    0    0    0    0    0    0    0