       A    C    D    E    F    G    H    I    K    L    M    N    P    Q    R    S    T    V    W    Y
A     10    7   -3   -5   -5    5    2   -8  -10  -10    5    2   -8  -10  -10    5    2   -8  -10  -10
C      7   10   -3   -5   -5    2    5   -8  -10  -10    2    5   -8  -10  -10    2    5   -8  -10  -10
D     -3   -3   10   -3   -3   -8   -8    5   -8   -8   -8   -8    5   -8   -8   -8   -8    5   -8   -8
E     -5   -5   -3   10    7  -10  -10   -8    5    2  -10  -10   -8    5    2  -10  -10   -8    5    2
F     -5   -5   -3    7   10  -10  -10   -8    2    5  -10  -10   -8    2    5  -10  -10   -8    2    5
G      5    2   -8  -10  -10   10    7   -3   -5   -5    5    2   -8  -10  -10    5    2   -8  -10  -10
H      2    5   -8  -10  -10    7   10   -3   -5   -5    2    5   -8  -10  -10    2    5   -8  -10  -10
I     -8   -8    5   -8   -8   -3   -3   10   -3   -3   -8   -8    5   -8   -8   -8   -8    5   -8   -8
K    -10  -10   -8    5    2   -5   -5   -3   10    7  -10  -10   -8    5    2  -10  -10   -8    5    2
L    -10  -10   -8    2    5   -5   -5   -3    7   10  -10  -10   -8    2    5  -10  -10   -8    2    5
M      5    2   -8  -10  -10    5    2   -8  -10  -10   10    7   -3   -5   -5    5    2   -8  -10  -10
N      2    5   -8  -10  -10    2    5   -8  -10  -10    7   10   -3   -5   -5    2    5   -8  -10  -10
P     -8   -8    5   -8   -8   -8   -8    5   -8   -8   -3   -3   10   -3   -3   -8   -8    5   -8   -8
Q    -10  -10   -8    5    2  -10  -10   -8    5    2   -5   -5   -3   10    7  -10  -10   -8    5    2
R    -10  -10   -8    2    5  -10  -10   -8    2    5   -5   -5   -3    7   10  -10  -10   -8    2    5
S      5    2   -8  -10  -10    5    2   -8  -10  -10    5    2   -8  -10  -10   10    7   -3   -5   -5
T      2    5   -8  -10  -10    2    5   -8  -10  -10    2    5   -8  -10  -10    7   10   -3   -5   -5
V     -8   -8    5   -8   -8   -8   -8    5   -8   -8   -8   -8    5   -8   -8   -3   -3   10   -3   -3
W    -10  -10   -8    5    2  -10  -10   -8    5    2  -10  -10   -8    5    2   -5   -5   -3   10    7
Y    -10  -10   -8    2    5  -10  -10   -8    2    5  -10  -10   -8    2    5   -5   -5   -3    7   10